set1_score: 0.500000000000
set2_score: 0.500000000000
set3_score: 0.500000000000
Duration: 0
